-60	-55	-54	-58	-55	-86	-88	4
-45	-57	-55	-48	-67	-77	-84	2
-58	-53	-52	-62	-51	-85	-83	4
-41	-60	-54	-43	-73	-80	-74	2
-58	-51	-56	-59	-54	-87	-87	4
-59	-56	-41	-54	-46	-89	-88	4
-51	-62	-59	-50	-66	-85	-77	3
-46	-51	-50	-48	-64	-82	-78	3
-44	-52	-51	-36	-78	-72	-77	2
-65	-62	-60	-65	-68	-83	-82	1
-65	-59	-61	-67	-70	-80	-83	1
-58	-61	-56	-64	-49	-83	-87	4
-34	-55	-58	-15	-65	-73	-72	2
-65	-61	-64	-68	-77	-86	-89	1
-37	-56	-55	-38	-71	-75	-78	2
-55	-53	-51	-62	-56	-85	-87	4
-59	-57	-56	-65	-49	-92	-91	4
-48	-57	-51	-51	-60	-79	-80	3
-52	-51	-49	-56	-65	-81	-83	3
-38	-63	-61	-43	-64	-76	-76	2
-40	-54	-52	-35	-68	-71	-76	2
-59	-52	-44	-64	-43	-87	-83	4
-55	-51	-52	-48	-60	-78	-86	3
-37	-59	-57	-38	-69	-68	-73	2
-37	-57	-51	-39	-71	-71	-72	2
-49	-61	-55	-53	-72	-85	-92	3
-66	-60	-65	-62	-70	-85	-83	1
-38	-58	-60	-42	-66	-82	-79	2
-60	-53	-59	-59	-53	-86	-86	4
-13	-55	-55	-21	-70	-73	-77	2
-38	-55	-51	-41	-72	-70	-73	2
-66	-58	-47	-68	-47	-88	-91	4
-60	-58	-57	-68	-50	-96	-87	4
-54	-54	-50	-54	-60	-81	-79	3
-50	-49	-52	-56	-69	-80	-81	3
-52	-56	-51	-48	-64	-87	-84	3
-59	-55	-48	-59	-46	-86	-83	4
-51	-60	-55	-53	-72	-85	-78	3
-54	-55	-50	-49	-60	-84	-81	3
-41	-58	-60	-47	-70	-82	-74	2
-45	-52	-54	-53	-56	-83	-79	3
-49	-53	-50	-55	-59	-80	-87	3
-52	-50	-53	-54	-68	-76	-85	3
-62	-51	-46	-61	-49	-87	-85	4
-53	-50	-50	-49	-61	-83	-84	3
-57	-61	-56	-60	-53	-86	-86	4
-61	-57	-54	-67	-52	-89	-86	4
-61	-59	-63	-60	-69	-87	-88	1
-62	-59	-62	-60	-68	-80	-89	1
-14	-55	-57	-34	-67	-71	-72	2
-58	-58	-61	-59	-69	-81	-80	1
-40	-59	-57	-39	-67	-81	-74	2
-15	-55	-62	-25	-71	-67	-68	2
-45	-50	-57	-49	-63	-81	-82	3
-58	-61	-52	-61	-53	-85	-88	4
-59	-56	-61	-66	-71	-83	-82	1
-46	-46	-52	-52	-57	-77	-82	3
-38	-62	-57	-41	-77	-65	-68	2
-58	-55	-59	-58	-72	-77	-81	1
-38	-54	-52	-36	-63	-65	-70	2
-45	-58	-58	-40	-70	-86	-80	2
-60	-54	-59	-65	-66	-83	-84	1
-37	-58	-56	-38	-63	-75	-74	2
-37	-61	-61	-37	-71	-68	-73	2
-42	-53	-50	-44	-71	-68	-64	2
-46	-54	-53	-48	-71	-78	-73	2
-41	-56	-60	-39	-72	-74	-66	2
-67	-57	-60	-60	-75	-83	-87	1
-52	-58	-50	-53	-64	-87	-81	3
-52	-55	-51	-49	-64	-87	-84	3
-40	-54	-52	-39	-65	-70	-74	2
-56	-55	-50	-59	-62	-84	-86	4
-48	-47	-51	-52	-60	-74	-79	3
-52	-60	-51	-54	-61	-86	-87	3
-36	-55	-53	-35	-64	-72	-66	2
-60	-59	-58	-63	-72	-82	-79	1
-63	-55	-63	-68	-77	-87	-89	1
-50	-56	-47	-52	-58	-88	-76	3
-60	-52	-46	-56	-48	-84	-86	4
-38	-59	-52	-44	-69	-68	-76	2
-59	-53	-58	-66	-65	-82	-78	1
-61	-56	-53	-62	-63	-84	-91	1
-59	-52	-50	-55	-55	-87	-85	4
-66	-57	-64	-61	-69	-82	-88	1
-50	-58	-54	-51	-60	-80	-82	3
-43	-54	-55	-41	-68	-71	-74	2
-46	-52	-54	-47	-64	-79	-81	3
-39	-56	-53	-46	-57	-73	-77	2
-58	-50	-59	-58	-68	-80	-81	1
-44	-50	-57	-45	-61	-72	-67	2
-38	-57	-60	-39	-68	-73	-74	2
-59	-57	-53	-61	-63	-79	-87	1
-60	-60	-51	-64	-53	-87	-87	4
-49	-53	-55	-46	-59	-81	-93	3
-57	-55	-50	-63	-50	-89	-79	4
-37	-51	-56	-36	-62	-72	-71	2
-48	-53	-60	-36	-58	-73	-77	2
-37	-56	-56	-35	-69	-73	-69	2
-55	-48	-49	-62	-55	-86	-91	4
-37	-55	-55	-42	-69	-66	-69	2
-59	-52	-57	-59	-50	-88	-88	4
-57	-55	-45	-59	-50	-85	-85	4
-59	-58	-48	-53	-55	-80	-88	4
-40	-57	-57	-43	-68	-89	-72	2
-52	-50	-52	-49	-63	-80	-85	3
-64	-59	-65	-70	-84	-90	-89	1
-58	-49	-55	-60	-70	-78	-80	1
-58	-53	-44	-62	-52	-84	-88	4
-38	-50	-49	-42	-69	-73	-77	2
-66	-56	-55	-67	-48	-87	-87	4
-61	-54	-48	-64	-49	-89	-81	4
-34	-61	-61	-36	-60	-73	-76	2
-68	-56	-65	-67	-76	-87	-85	1
-62	-57	-63	-67	-66	-87	-80	1
-41	-58	-56	-40	-73	-69	-73	2
-64	-58	-60	-68	-66	-86	-88	1
-47	-55	-54	-50	-72	-80	-88	3
-58	-65	-47	-71	-51	-86	-83	4
-64	-55	-54	-64	-68	-89	-81	1
-50	-52	-55	-49	-64	-80	-86	3
-52	-57	-58	-57	-68	-86	-83	3
-52	-53	-50	-52	-63	-84	-88	3
-50	-54	-51	-50	-66	-87	-85	3
-61	-56	-47	-60	-48	-83	-87	4
-59	-55	-48	-59	-52	-86	-85	4
-60	-55	-46	-59	-49	-87	-83	4
-50	-54	-53	-46	-66	-78	-87	3
-48	-56	-54	-39	-67	-78	-82	2
-61	-54	-64	-63	-68	-83	-81	1
-61	-53	-50	-59	-46	-84	-93	4
-59	-59	-49	-62	-47	-82	-81	4
-68	-55	-63	-61	-74	-79	-85	1
-45	-54	-54	-48	-63	-78	-82	3
-61	-54	-60	-61	-74	-87	-83	1
-54	-52	-53	-43	-68	-79	-79	3
-60	-59	-50	-58	-45	-87	-89	4
-46	-53	-47	-52	-57	-79	-85	3
-65	-59	-65	-67	-89	-85	-83	1
-47	-53	-55	-57	-62	-80	-78	3
-50	-57	-60	-43	-66	-77	-82	3
-49	-54	-55	-49	-63	-81	-87	3
-62	-53	-64	-65	-69	-85	-85	1
-40	-63	-67	-40	-75	-70	-70	2
-58	-49	-50	-61	-51	-83	-87	4
-48	-55	-51	-55	-69	-88	-80	3
-65	-56	-62	-62	-68	-83	-90	1
-59	-51	-57	-59	-53	-87	-92	4
-59	-56	-49	-58	-52	-88	-84	4
-48	-56	-55	-46	-65	-86	-79	2
-17	-59	-63	-15	-70	-76	-85	2
-62	-59	-52	-69	-46	-91	-98	4
-64	-50	-55	-63	-66	-78	-82	1
-37	-56	-58	-36	-80	-72	-70	2
-61	-52	-60	-61	-68	-80	-84	1
-61	-49	-42	-66	-43	-80	-91	4
-58	-54	-59	-62	-68	-79	-87	1
-39	-53	-51	-40	-64	-67	-64	2
-47	-58	-55	-45	-62	-79	-85	2
-59	-52	-61	-61	-76	-75	-78	1
-43	-60	-55	-46	-71	-76	-79	2
-57	-57	-59	-61	-67	-80	-83	1
-51	-55	-53	-50	-63	-79	-86	3
-39	-51	-57	-36	-64	-65	-71	2
-61	-55	-52	-61	-44	-88	-92	4
-60	-56	-44	-59	-46	-81	-86	4
-57	-55	-58	-64	-65	-87	-79	1
-50	-52	-49	-45	-64	-76	-78	3
-68	-58	-65	-67	-83	-89	-86	1
-64	-59	-68	-67	-74	-82	-82	1
-49	-52	-61	-52	-61	-82	-88	3
-62	-52	-57	-60	-70	-81	-74	1
-61	-53	-54	-58	-71	-82	-86	1
-39	-55	-54	-48	-76	-73	-80	2
-51	-53	-52	-54	-65	-77	-87	3
-60	-52	-49	-61	-51	-85	-81	4
-63	-53	-60	-68	-67	-87	-85	1
-66	-57	-56	-64	-49	-89	-87	4
-40	-52	-53	-39	-61	-75	-73	2
-34	-54	-61	-34	-70	-72	-73	2
-48	-53	-51	-43	-64	-74	-77	3
-56	-55	-56	-59	-64	-83	-83	1
-59	-57	-52	-71	-49	-92	-88	4
-43	-55	-55	-39	-69	-67	-71	2
-61	-54	-48	-58	-47	-91	-88	4
-55	-60	-51	-53	-63	-85	-87	3
-63	-57	-60	-64	-72	-80	-78	1
-38	-57	-50	-38	-60	-74	-69	2
-52	-61	-51	-52	-66	-80	-89	3
-48	-46	-50	-54	-63	-87	-77	3
-47	-57	-52	-44	-67	-78	-75	3
-63	-53	-52	-64	-47	-93	-86	4
-52	-52	-52	-49	-62	-80	-80	3
-42	-58	-63	-41	-75	-69	-67	2
-61	-56	-57	-56	-75	-74	-81	1
-44	-57	-64	-40	-75	-69	-64	2
-63	-58	-59	-65	-74	-86	-84	1
-49	-54	-50	-51	-66	-78	-82	3
-17	-63	-65	-27	-86	-72	-74	2
-61	-59	-65	-63	-74	-89	-87	1
-47	-55	-58	-50	-60	-81	-84	3
-61	-56	-63	-62	-73	-87	-91	1
-46	-55	-48	-52	-62	-80	-79	3
-49	-51	-53	-41	-64	-77	-79	3
-65	-57	-45	-69	-48	-91	-94	4
-66	-56	-54	-69	-65	-82	-82	1
-57	-50	-47	-58	-46	-88	-88	4
-60	-59	-55	-66	-66	-82	-86	1
-62	-57	-48	-63	-47	-88	-84	4
-51	-52	-53	-55	-64	-78	-91	3
-50	-54	-54	-54	-66	-77	-86	3
-54	-46	-48	-55	-48	-84	-85	4
-62	-52	-59	-62	-64	-80	-81	1
-62	-51	-61	-71	-67	-79	-80	1
-53	-54	-53	-60	-60	-86	-91	3
-48	-54	-54	-49	-67	-77	-89	3
-61	-56	-48	-62	-54	-88	-86	4
-38	-51	-54	-45	-67	-72	-76	2
-60	-56	-58	-65	-70	-80	-87	1
-64	-58	-59	-61	-70	-84	-86	1
-57	-52	-48	-58	-51	-86	-87	4
-53	-52	-48	-50	-62	-81	-80	3
-64	-59	-62	-63	-69	-84	-81	1
-47	-54	-56	-47	-62	-78	-83	3
-52	-52	-57	-45	-67	-81	-86	3
-39	-59	-49	-37	-68	-70	-72	2
-58	-56	-52	-54	-52	-87	-84	4
-42	-55	-56	-43	-73	-76	-75	2
-61	-59	-62	-61	-66	-80	-88	1
-53	-59	-48	-57	-66	-80	-77	3
-61	-51	-60	-63	-66	-82	-87	1
-63	-57	-55	-60	-50	-86	-92	4
-36	-57	-58	-36	-62	-74	-73	2
-58	-55	-55	-54	-49	-78	-79	4
-37	-52	-57	-36	-71	-66	-75	2
-65	-61	-56	-67	-50	-89	-91	4
-63	-57	-64	-69	-75	-85	-83	1
-49	-50	-55	-49	-54	-85	-76	3
-68	-55	-67	-70	-76	-82	-81	1
-51	-52	-50	-56	-67	-79	-91	3
-39	-51	-64	-38	-71	-78	-78	2
-59	-59	-58	-62	-64	-78	-81	1
-62	-56	-61	-67	-67	-81	-85	1
-60	-57	-66	-60	-68	-87	-89	1
-14	-55	-58	-36	-67	-72	-74	2
-58	-55	-51	-61	-44	-88	-86	4
-50	-52	-54	-55	-64	-83	-74	3
-63	-59	-61	-68	-71	-81	-87	1
-51	-60	-57	-54	-64	-84	-83	3
-58	-59	-56	-64	-68	-82	-87	1
-61	-58	-60	-61	-74	-78	-83	1
-47	-56	-57	-52	-62	-79	-87	3
-62	-57	-44	-61	-44	-89	-87	4
-53	-53	-52	-55	-60	-82	-84	3
-56	-53	-49	-60	-48	-82	-85	4
-57	-55	-57	-59	-48	-85	-84	4
-64	-57	-60	-70	-69	-86	-83	1
-57	-60	-49	-61	-54	-85	-88	4
-51	-52	-56	-56	-63	-79	-80	3
-65	-57	-55	-64	-50	-92	-85	4
-45	-59	-54	-51	-69	-77	-85	2
-57	-50	-51	-59	-51	-83	-84	4
-38	-52	-54	-38	-64	-73	-77	2
-61	-58	-58	-62	-66	-81	-81	1
-17	-63	-60	-14	-72	-72	-77	2
-49	-54	-52	-56	-60	-85	-73	3
-66	-57	-60	-68	-74	-82	-88	1
-17	-66	-61	-37	-68	-75	-77	2
-60	-57	-58	-59	-70	-76	-80	1
-39	-51	-50	-43	-63	-71	-66	2
-59	-52	-56	-58	-55	-88	-87	4
-64	-57	-53	-61	-50	-86	-98	4
-42	-53	-62	-27	-63	-72	-79	2
-52	-56	-52	-49	-61	-86	-81	3
-59	-56	-49	-57	-45	-88	-88	4
-40	-55	-57	-37	-71	-79	-77	2
-57	-54	-49	-61	-43	-79	-85	4
-60	-53	-52	-64	-46	-85	-83	4
-60	-58	-57	-59	-66	-82	-83	1
-54	-56	-50	-50	-64	-87	-80	3
-45	-54	-53	-45	-68	-75	-84	3
-63	-57	-58	-62	-73	-86	-85	1
-70	-62	-62	-67	-69	-88	-86	1
-60	-54	-56	-65	-43	-88	-87	4
-50	-53	-53	-55	-67	-78	-89	3
-56	-50	-56	-62	-61	-79	-85	1
-57	-51	-49	-64	-52	-88	-81	4
-46	-52	-46	-39	-74	-71	-78	2
-61	-52	-49	-58	-51	-91	-84	4
-39	-56	-53	-40	-69	-75	-72	2
-59	-54	-57	-65	-62	-80	-82	1
-58	-59	-59	-65	-65	-82	-94	1
-57	-56	-48	-59	-47	-86	-89	4
-60	-56	-56	-64	-67	-84	-85	1
-46	-52	-51	-55	-60	-80	-76	3
-51	-52	-48	-48	-62	-85	-78	3
-63	-60	-58	-64	-66	-83	-90	1
-53	-53	-50	-55	-59	-86	-81	3
-51	-53	-54	-53	-62	-83	-82	3
-63	-61	-49	-58	-46	-92	-83	4
-39	-62	-58	-37	-69	-73	-72	2
-64	-51	-57	-67	-68	-84	-82	1
-37	-61	-55	-40	-63	-70	-67	2
-62	-55	-58	-68	-69	-83	-88	1
-62	-55	-54	-62	-69	-79	-81	1
-36	-51	-52	-37	-70	-71	-64	2
-66	-58	-64	-63	-73	-83	-86	1
-64	-57	-54	-69	-43	-88	-92	4
-61	-60	-57	-61	-74	-81	-82	1
-64	-57	-47	-58	-46	-89	-86	4
-67	-56	-65	-68	-69	-83	-82	1
-63	-55	-62	-63	-70	-80	-75	1
-60	-51	-51	-59	-54	-86	-89	4
-39	-56	-58	-37	-64	-76	-72	2
-56	-55	-45	-59	-52	-84	-86	4
-44	-53	-55	-48	-66	-79	-86	3
-57	-49	-44	-60	-50	-84	-86	4
-51	-54	-53	-55	-66	-77	-85	3
-61	-57	-63	-67	-72	-77	-82	1
-51	-54	-52	-57	-62	-79	-79	3
-43	-58	-56	-41	-69	-79	-78	2
-59	-55	-46	-66	-50	-86	-91	4
-48	-58	-58	-44	-71	-77	-79	2
-61	-57	-53	-65	-50	-87	-91	4
-49	-60	-55	-49	-63	-85	-89	3
-50	-68	-48	-56	-63	-80	-77	3
-60	-56	-43	-61	-50	-89	-87	4
-57	-55	-50	-57	-49	-84	-85	4
-49	-50	-50	-45	-64	-79	-77	3
-59	-52	-44	-57	-49	-85	-87	4
-45	-50	-52	-53	-61	-75	-79	3
-51	-64	-59	-49	-71	-87	-77	3
-61	-51	-52	-56	-47	-86	-90	4
-57	-56	-56	-61	-70	-77	-77	1
-67	-56	-62	-70	-69	-86	-84	1
-59	-56	-55	-59	-54	-87	-88	4
-46	-59	-54	-52	-67	-77	-83	2
-42	-54	-49	-41	-68	-71	-77	2
-62	-53	-48	-61	-50	-85	-86	4
-61	-58	-50	-59	-52	-84	-84	4
-63	-57	-63	-64	-67	-81	-83	1
-50	-53	-52	-55	-67	-77	-88	3
-49	-54	-50	-55	-63	-85	-81	3
-40	-55	-56	-36	-64	-65	-66	2
-62	-59	-46	-65	-45	-87	-88	4
-61	-56	-58	-67	-68	-80	-81	1
-69	-58	-46	-66	-48	-95	-93	4
-61	-54	-64	-59	-68	-86	-88	1
-36	-54	-54	-37	-66	-75	-71	2
-57	-51	-56	-57	-50	-88	-86	4
-56	-54	-49	-58	-48	-83	-84	4
-40	-56	-53	-42	-65	-72	-70	2
-50	-53	-52	-55	-68	-78	-86	3
-48	-61	-57	-51	-67	-83	-76	3
-38	-50	-71	-39	-68	-78	-74	2
-61	-54	-56	-59	-68	-82	-83	1
-41	-52	-57	-41	-63	-73	-68	2
-58	-52	-50	-55	-48	-87	-90	4
-59	-53	-55	-60	-51	-87	-87	4
-50	-57	-59	-43	-62	-76	-78	3
-62	-53	-62	-64	-68	-79	-82	1
-42	-59	-57	-51	-62	-72	-76	2
-64	-55	-52	-74	-53	-89	-80	4
-59	-53	-49	-56	-47	-87	-82	4
-48	-60	-57	-52	-61	-85	-84	3
-45	-56	-57	-47	-61	-76	-78	3
-56	-53	-43	-61	-58	-80	-85	4
-53	-48	-52	-52	-59	-81	-82	3
-64	-57	-62	-67	-68	-83	-84	1
-65	-58	-56	-61	-49	-89	-88	4
-49	-51	-50	-53	-64	-79	-78	3
-34	-48	-51	-37	-70	-78	-69	2
-39	-54	-55	-37	-64	-70	-70	2
-12	-56	-58	-16	-70	-75	-79	2
-53	-55	-54	-51	-69	-79	-81	3
-63	-58	-57	-61	-52	-89	-93	4
-36	-60	-57	-37	-80	-72	-72	2
-14	-58	-60	-38	-74	-74	-73	2
-63	-58	-50	-63	-48	-91	-85	4
-55	-56	-58	-53	-70	-81	-88	3
-14	-56	-57	-35	-68	-77	-72	2
-66	-56	-56	-63	-50	-89	-91	4
-37	-54	-55	-37	-67	-71	-70	2
-69	-52	-48	-66	-48	-88	-87	4
-50	-59	-53	-54	-65	-77	-78	3
-59	-54	-58	-59	-63	-81	-80	1
-59	-50	-45	-60	-45	-88	-87	4
-64	-59	-53	-63	-52	-87	-83	4
-63	-55	-50	-63	-50	-91	-85	4
-52	-54	-55	-55	-60	-74	-78	3
-58	-52	-57	-60	-52	-86	-88	4
-41	-58	-48	-40	-62	-72	-76	2
-61	-52	-54	-63	-64	-84	-82	1
-67	-56	-52	-64	-51	-89	-85	4
-66	-59	-52	-63	-59	-88	-87	4
-37	-56	-56	-38	-68	-70	-66	2
-57	-56	-59	-59	-64	-79	-78	1
-60	-52	-48	-61	-48	-83	-84	4
-53	-52	-51	-53	-64	-80	-81	3
-48	-50	-54	-51	-59	-77	-75	3
-56	-53	-58	-64	-71	-84	-87	1
-59	-59	-48	-66	-50	-86	-94	4
-41	-55	-54	-40	-62	-71	-72	2
-49	-58	-50	-56	-64	-81	-81	3
-59	-53	-45	-57	-45	-81	-82	4
-40	-58	-57	-40	-74	-79	-77	2
-62	-61	-52	-69	-42	-88	-92	4
-57	-55	-48	-59	-51	-81	-86	4
-63	-56	-52	-65	-47	-82	-92	4
-64	-59	-65	-64	-74	-88	-90	1
-65	-58	-70	-66	-71	-85	-83	1
-60	-54	-45	-59	-45	-88	-83	4
-57	-56	-60	-58	-70	-79	-84	1
-47	-56	-53	-53	-66	-85	-85	3
-57	-56	-49	-58	-50	-87	-85	4
-51	-62	-53	-51	-64	-86	-79	3
-39	-58	-54	-39	-62	-71	-77	2
-74	-62	-66	-70	-76	-89	-87	1
-43	-55	-52	-42	-60	-74	-67	2
-63	-54	-52	-59	-44	-86	-92	4
-38	-52	-59	-48	-67	-64	-75	2
-62	-53	-59	-62	-66	-82	-87	1
-45	-55	-54	-47	-63	-78	-80	3
-68	-55	-73	-65	-76	-82	-82	1
-49	-55	-53	-48	-61	-79	-78	3
-58	-54	-53	-60	-47	-82	-83	4
-48	-53	-51	-50	-66	-79	-86	3
-67	-59	-62	-66	-80	-96	-82	1
-49	-47	-51	-52	-62	-89	-80	3
-58	-55	-51	-66	-54	-86	-85	4
-44	-53	-51	-49	-60	-84	-76	3
-42	-51	-54	-41	-67	-72	-77	2
-51	-57	-54	-55	-62	-87	-81	3
-60	-52	-45	-58	-51	-87	-80	4
-59	-59	-52	-60	-51	-87	-86	4
-38	-60	-57	-38	-65	-79	-76	2
-60	-58	-56	-66	-51	-85	-89	4
-72	-63	-64	-70	-81	-85	-87	1
-36	-59	-55	-36	-65	-66	-70	2
-49	-56	-60	-47	-72	-80	-79	2
-42	-52	-56	-43	-64	-76	-74	2
-65	-56	-63	-66	-80	-83	-88	1
-61	-55	-54	-72	-45	-89	-92	4
-59	-53	-51	-54	-45	-79	-87	4
-49	-52	-52	-51	-63	-78	-74	3
-61	-56	-52	-62	-52	-82	-87	4
-63	-57	-52	-64	-52	-88	-93	4
-48	-58	-54	-46	-66	-85	-88	3
-64	-54	-55	-59	-52	-88	-98	4
-51	-56	-51	-47	-62	-79	-85	3
-47	-57	-57	-52	-69	-79	-77	3
-48	-51	-54	-51	-58	-80	-77	3
-51	-56	-51	-55	-62	-85	-83	3
-59	-52	-50	-55	-49	-87	-86	4
-46	-60	-54	-48	-63	-80	-83	3
-19	-59	-67	-35	-65	-66	-74	2
-64	-60	-45	-66	-52	-92	-92	4
-38	-60	-57	-39	-70	-70	-74	2
-58	-56	-51	-65	-53	-87	-87	4
-65	-51	-49	-63	-49	-92	-91	4
-62	-58	-57	-65	-68	-83	-79	1
-61	-57	-57	-66	-55	-83	-87	4
-43	-60	-68	-46	-72	-83	-79	2
-65	-58	-62	-67	-77	-86	-91	1
-38	-54	-50	-42	-60	-71	-67	2
-63	-56	-63	-65	-72	-82	-89	1
-48	-51	-53	-48	-64	-81	-79	3
-20	-56	-55	-37	-61	-79	-72	2
-60	-55	-58	-61	-72	-83	-82	1
-63	-59	-61	-62	-78	-90	-82	1
-60	-57	-55	-65	-51	-94	-86	4
-65	-57	-63	-71	-76	-87	-86	1
-12	-60	-62	-14	-71	-77	-71	2
-36	-58	-59	-36	-69	-71	-77	2
-47	-57	-49	-46	-63	-84	-86	3
-57	-56	-48	-66	-49	-84	-91	4
-63	-57	-61	-65	-73	-84	-84	1
-59	-55	-65	-62	-62	-81	-77	1
-59	-60	-61	-66	-66	-81	-85	1
-51	-52	-56	-52	-66	-80	-89	3
-61	-57	-59	-62	-69	-78	-83	1
-42	-60	-56	-44	-74	-76	-80	2
-49	-52	-58	-46	-57	-77	-77	3
-40	-57	-47	-42	-64	-74	-71	2
-59	-51	-56	-58	-51	-95	-84	4
-62	-63	-62	-65	-68	-87	-86	1
-61	-57	-54	-65	-52	-89	-88	4
-59	-51	-57	-60	-49	-87	-88	4
-46	-57	-53	-48	-58	-80	-86	3
-34	-53	-59	-36	-75	-73	-69	2
-36	-61	-57	-27	-71	-73	-70	2
-40	-57	-51	-46	-65	-75	-79	2
-60	-58	-57	-65	-69	-80	-89	1
-37	-56	-55	-45	-64	-61	-69	2
-66	-54	-54	-64	-47	-89	-86	4
-60	-50	-48	-55	-46	-79	-87	4
-56	-48	-43	-62	-43	-83	-82	4
-49	-52	-48	-52	-62	-78	-75	3
-57	-52	-44	-59	-51	-88	-85	4
-61	-57	-50	-59	-46	-91	-89	4
-64	-48	-54	-58	-52	-80	-88	4
-51	-57	-59	-45	-77	-75	-81	2
-51	-60	-59	-46	-68	-78	-83	3
-35	-53	-57	-46	-64	-65	-70	2
-58	-57	-50	-58	-50	-82	-84	4
-53	-56	-54	-53	-62	-88	-85	3
-62	-57	-50	-62	-49	-93	-86	4
-41	-53	-56	-36	-62	-75	-77	2
-56	-55	-44	-61	-51	-84	-87	4
-64	-54	-61	-63	-65	-88	-86	1
-64	-54	-65	-63	-71	-85	-89	1
-52	-56	-50	-56	-69	-79	-78	3
-16	-55	-56	-15	-64	-78	-76	2
-40	-55	-47	-47	-64	-75	-79	2
-58	-60	-50	-61	-50	-87	-78	4
-59	-51	-49	-63	-45	-86	-83	4
-62	-50	-61	-64	-73	-80	-81	1
-52	-57	-49	-50	-66	-80	-80	3
-64	-56	-64	-65	-75	-85	-90	1
-61	-60	-53	-61	-52	-87	-87	4
-49	-49	-53	-47	-57	-80	-77	3
-27	-55	-57	-37	-67	-71	-71	2
-61	-61	-49	-58	-54	-94	-85	4
-60	-59	-61	-62	-68	-81	-85	1
-62	-50	-57	-59	-72	-82	-84	1
-49	-56	-59	-49	-74	-82	-80	2
-43	-55	-55	-44	-68	-76	-79	2
-40	-59	-57	-43	-74	-65	-66	2
-58	-55	-50	-54	-48	-80	-86	4
-64	-56	-64	-71	-75	-87	-87	1
-58	-50	-55	-54	-61	-84	-87	1
-36	-53	-57	-40	-66	-70	-69	2
-59	-53	-45	-60	-51	-87	-86	4
-45	-53	-55	-49	-63	-78	-81	3
-61	-55	-46	-57	-46	-83	-85	4
-59	-52	-57	-60	-49	-86	-88	4
-64	-57	-56	-63	-68	-85	-81	1
-56	-52	-51	-57	-64	-86	-91	3
-40	-52	-50	-41	-64	-69	-66	2
-63	-56	-51	-64	-49	-88	-89	4
-62	-58	-62	-65	-75	-90	-81	1
-41	-57	-59	-44	-65	-76	-77	2
-48	-57	-53	-43	-64	-81	-85	3
-49	-53	-51	-53	-67	-81	-83	3
-38	-55	-56	-36	-64	-70	-66	2
-50	-56	-54	-50	-71	-79	-77	3
-50	-52	-52	-47	-65	-77	-89	3
-49	-59	-56	-50	-63	-80	-91	3
-52	-60	-52	-54	-66	-85	-79	3
-59	-51	-56	-58	-50	-88	-86	4
-40	-53	-55	-37	-71	-75	-74	2
-47	-51	-56	-50	-60	-78	-80	3
-58	-54	-53	-64	-51	-87	-91	4
-58	-57	-49	-64	-49	-89	-81	4
-63	-55	-62	-66	-76	-89	-85	1
-45	-59	-57	-51	-62	-77	-85	3
-43	-52	-55	-35	-61	-75	-76	2
-51	-57	-52	-49	-60	-84	-83	3
-61	-57	-51	-56	-49	-88	-85	4
-63	-59	-57	-65	-69	-80	-86	1
-45	-58	-62	-40	-73	-70	-67	2
-36	-55	-54	-40	-71	-71	-71	2
-45	-63	-57	-55	-58	-79	-85	3
-62	-55	-65	-59	-69	-86	-87	1
-15	-55	-57	-16	-71	-72	-74	2
-62	-53	-55	-60	-68	-76	-79	1
-42	-56	-52	-36	-75	-68	-81	2
-56	-51	-45	-54	-52	-79	-85	4
-49	-54	-52	-52	-63	-83	-85	3
-60	-55	-58	-57	-75	-74	-82	1
-63	-57	-59	-66	-71	-82	-83	1
-61	-52	-48	-61	-45	-90	-88	4
-37	-56	-58	-45	-65	-67	-72	2
-46	-58	-56	-43	-70	-72	-80	2
-13	-60	-63	-18	-70	-73	-73	2
-57	-53	-59	-64	-71	-80	-79	1
-57	-53	-50	-61	-56	-84	-83	4
-54	-54	-55	-52	-61	-86	-78	3
-60	-51	-53	-63	-42	-87	-82	4
-60	-61	-49	-60	-50	-89	-88	4
-49	-52	-46	-48	-60	-79	-80	3
-59	-51	-54	-60	-50	-87	-86	4
-66	-58	-64	-67	-71	-85	-87	1
-70	-64	-63	-69	-83	-85	-87	1
-17	-53	-57	-17	-70	-77	-73	2
-62	-51	-58	-61	-63	-77	-80	1
-58	-55	-53	-59	-52	-81	-84	4
-62	-59	-61	-59	-69	-82	-83	1
-59	-54	-59	-59	-67	-86	-80	1
-46	-55	-58	-47	-64	-78	-78	3
-51	-60	-52	-52	-67	-79	-91	3
-35	-52	-55	-38	-62	-66	-85	2
-41	-58	-53	-43	-61	-70	-70	2
-38	-52	-50	-41	-69	-68	-72	2
-46	-56	-54	-51	-62	-80	-79	3
-64	-51	-44	-61	-50	-88	-85	4
-56	-53	-42	-61	-55	-87	-82	4
-60	-56	-59	-66	-68	-81	-83	1
-48	-47	-52	-56	-61	-77	-77	3
-65	-57	-60	-64	-74	-81	-90	1
-47	-64	-53	-54	-60	-83	-84	3
-65	-56	-60	-66	-74	-89	-90	1
-49	-60	-56	-50	-63	-84	-87	3
-37	-59	-55	-38	-65	-67	-68	2
-63	-57	-57	-62	-51	-89	-84	4
-37	-46	-51	-39	-63	-69	-69	2
-46	-54	-53	-47	-63	-85	-80	3
-39	-54	-53	-45	-68	-78	-81	2
-51	-52	-51	-54	-61	-79	-76	3
-49	-61	-55	-49	-62	-84	-89	3
-45	-59	-56	-54	-64	-84	-78	3
-49	-56	-58	-42	-77	-76	-78	2
-63	-58	-62	-71	-74	-92	-94	1
-58	-51	-51	-56	-54	-85	-83	4
-27	-59	-56	-38	-62	-75	-79	2
-62	-58	-57	-65	-70	-82	-91	1
-50	-56	-53	-40	-65	-86	-80	3
-42	-52	-54	-35	-65	-69	-73	2
-40	-54	-57	-42	-64	-67	-71	2
-47	-54	-49	-52	-58	-79	-86	3
-40	-57	-47	-42	-69	-73	-70	2
-58	-50	-54	-60	-53	-86	-89	4
-57	-50	-58	-60	-51	-87	-88	4
-41	-58	-58	-42	-64	-79	-80	2
-73	-63	-65	-70	-80	-89	-93	1
-57	-57	-54	-58	-56	-84	-87	4
-60	-58	-56	-65	-68	-79	-86	1
-41	-54	-52	-37	-68	-73	-77	2
-51	-59	-51	-48	-67	-79	-79	3
-51	-51	-51	-51	-65	-78	-88	3
-46	-57	-52	-43	-69	-86	-85	3
-52	-52	-50	-49	-66	-77	-88	3
-52	-53	-54	-49	-63	-85	-79	3
-59	-54	-56	-65	-74	-79	-85	1
-49	-55	-49	-49	-60	-81	-81	3
-60	-54	-54	-60	-64	-88	-88	4
-54	-61	-51	-44	-63	-79	-76	3
-49	-58	-55	-52	-60	-83	-84	3
-39	-56	-55	-39	-68	-74	-73	2
-12	-64	-63	-18	-69	-72	-74	2
-38	-56	-55	-39	-75	-71	-75	2
-50	-54	-60	-43	-74	-76	-77	2
-52	-54	-54	-51	-63	-87	-78	3
-46	-53	-52	-45	-62	-79	-78	3
-63	-63	-57	-68	-71	-79	-82	1
-19	-63	-66	-20	-79	-73	-72	2
-36	-54	-56	-16	-61	-64	-79	2
-48	-57	-56	-49	-64	-87	-76	2
-50	-57	-50	-59	-62	-91	-93	3
-59	-54	-60	-65	-66	-80	-90	1
-43	-59	-51	-53	-61	-83	-85	3
-48	-59	-53	-45	-74	-81	-81	3
-48	-52	-49	-52	-63	-79	-77	3
-36	-55	-59	-37	-63	-70	-73	2
-62	-51	-54	-59	-64	-77	-81	1
-50	-59	-55	-47	-72	-79	-80	3
-38	-51	-53	-37	-67	-67	-68	2
-43	-54	-56	-40	-67	-70	-71	2
-61	-53	-53	-61	-63	-77	-81	1
-59	-55	-49	-60	-42	-92	-93	4
-61	-55	-63	-64	-69	-83	-82	1
-61	-57	-58	-62	-67	-78	-76	1
-62	-53	-55	-65	-49	-87	-87	4
-60	-59	-56	-63	-64	-82	-81	1
-59	-53	-49	-59	-45	-89	-88	4
-60	-53	-59	-64	-65	-76	-81	1
-51	-56	-60	-48	-60	-86	-83	3
-58	-53	-48	-58	-54	-88	-89	4
-42	-53	-53	-42	-63	-72	-72	2
-35	-55	-52	-14	-71	-69	-82	2
-66	-52	-48	-71	-55	-88	-87	4
-42	-55	-57	-38	-71	-71	-76	2
-61	-56	-63	-77	-67	-82	-96	1
-61	-56	-61	-74	-69	-87	-89	1
-60	-59	-51	-59	-53	-88	-88	4
-52	-56	-52	-49	-63	-87	-85	3
-48	-57	-54	-50	-66	-83	-78	3
-66	-62	-64	-68	-73	-89	-83	1
-53	-56	-50	-50	-67	-80	-81	3
-38	-58	-59	-41	-65	-68	-74	2
-41	-55	-53	-37	-64	-79	-76	2
-50	-58	-57	-42	-76	-74	-80	2
-37	-55	-56	-37	-67	-70	-66	2
-51	-55	-52	-48	-63	-87	-85	3
-62	-58	-61	-68	-70	-85	-86	1
-64	-57	-48	-60	-39	-88	-85	4
-66	-59	-70	-69	-76	-87	-89	1
-62	-55	-57	-62	-70	-82	-86	1
-40	-53	-49	-41	-71	-66	-65	2
-39	-52	-53	-36	-61	-67	-70	2
-59	-52	-57	-58	-50	-86	-88	4
-60	-50	-57	-60	-50	-89	-86	4
-26	-55	-55	-38	-71	-71	-70	2
-51	-53	-57	-51	-60	-76	-79	3
-62	-54	-60	-61	-71	-86	-80	1
-63	-57	-66	-66	-68	-83	-81	1
-58	-58	-51	-57	-49	-86	-90	4
-51	-51	-45	-53	-59	-84	-76	3
-44	-52	-60	-37	-66	-67	-73	2
-61	-61	-51	-62	-54	-85	-91	4
-64	-55	-52	-61	-50	-92	-94	4
-67	-64	-47	-64	-50	-88	-91	4
-18	-60	-59	-17	-68	-75	-75	2
-67	-52	-46	-66	-47	-89	-87	4
-61	-55	-62	-62	-65	-82	-81	1
-62	-52	-61	-66	-65	-85	-89	1
-65	-60	-60	-62	-75	-83	-79	1
-49	-49	-53	-48	-63	-84	-88	3
-65	-56	-55	-65	-68	-85	-93	1
-59	-54	-63	-72	-75	-81	-78	1
-58	-56	-51	-59	-65	-81	-84	1
-53	-68	-50	-51	-77	-85	-87	3
-61	-54	-52	-65	-49	-85	-91	4
-59	-55	-55	-62	-47	-91	-84	4
-63	-53	-47	-58	-46	-90	-81	4
-52	-57	-51	-55	-65	-85	-85	3
-68	-57	-67	-68	-75	-83	-83	1
-19	-60	-56	-36	-63	-70	-75	2
-49	-64	-58	-53	-70	-84	-80	3
-60	-54	-57	-60	-66	-80	-88	1
-62	-56	-59	-58	-67	-78	-79	1
-53	-47	-54	-53	-59	-83	-84	3
-44	-58	-58	-41	-75	-70	-64	2
-59	-50	-56	-59	-62	-78	-79	1
-47	-58	-50	-55	-64	-76	-74	3
-50	-57	-53	-49	-67	-83	-82	3
-35	-56	-55	-36	-69	-67	-78	2
-61	-56	-67	-61	-69	-82	-87	1
-63	-58	-64	-67	-74	-87	-87	1
-57	-52	-56	-62	-52	-92	-85	4
-35	-59	-57	-42	-66	-71	-70	2
-67	-55	-56	-64	-50	-88	-87	4
-64	-60	-63	-63	-72	-86	-84	1
-37	-57	-55	-40	-75	-71	-64	2
-58	-57	-46	-55	-50	-87	-85	4
-35	-58	-59	-40	-75	-75	-73	2
-38	-58	-53	-40	-63	-77	-70	2
-59	-50	-59	-59	-55	-85	-87	4
-59	-51	-46	-58	-46	-90	-90	4
-38	-53	-53	-38	-66	-70	-69	2
-58	-56	-46	-56	-62	-84	-87	4
-37	-58	-53	-43	-76	-66	-69	2
-62	-57	-56	-63	-66	-84	-82	1
-61	-54	-51	-63	-44	-87	-88	4
-51	-56	-51	-58	-58	-80	-86	3
-58	-52	-49	-60	-47	-87	-92	4
-63	-54	-50	-55	-50	-85	-79	4
-41	-58	-66	-41	-73	-71	-79	2
-40	-56	-53	-44	-69	-77	-79	2
-60	-61	-58	-63	-49	-84	-85	4
-59	-57	-63	-66	-65	-82	-78	1
-43	-57	-51	-52	-62	-79	-77	3
-63	-56	-50	-56	-49	-89	-92	4
-61	-52	-49	-56	-46	-84	-83	4
-48	-54	-50	-49	-61	-81	-84	3
-36	-55	-53	-46	-63	-68	-71	2
-46	-56	-52	-51	-62	-85	-81	3
-40	-56	-56	-38	-66	-77	-74	2
-40	-52	-51	-45	-64	-70	-65	2
-64	-52	-59	-59	-66	-86	-87	1
-62	-55	-63	-61	-68	-81	-83	1
-64	-55	-60	-74	-66	-87	-87	1
-57	-54	-59	-63	-65	-80	-80	1
-36	-53	-50	-37	-70	-72	-72	2
-60	-53	-59	-64	-70	-80	-90	1
-62	-59	-48	-65	-51	-87	-86	4
-48	-52	-54	-47	-61	-80	-86	3
-49	-54	-53	-50	-70	-78	-86	3
-58	-53	-46	-59	-50	-86	-90	4
-36	-54	-56	-35	-61	-70	-79	2
-51	-55	-56	-49	-58	-84	-84	3
-60	-57	-60	-66	-76	-82	-80	1
-36	-50	-58	-41	-74	-74	-69	2
-40	-56	-53	-50	-71	-79	-78	2
-39	-54	-61	-43	-75	-64	-74	2
-53	-56	-51	-50	-61	-83	-81	3
-60	-52	-59	-65	-66	-82	-80	1
-36	-55	-50	-41	-66	-72	-69	2
-59	-52	-55	-59	-52	-88	-87	4
-63	-54	-49	-62	-43	-89	-91	4
-57	-57	-50	-59	-54	-85	-81	4
-61	-54	-45	-66	-45	-88	-87	4
-57	-52	-46	-60	-43	-88	-85	4
-41	-59	-54	-41	-58	-80	-80	2
-63	-48	-51	-59	-69	-77	-82	1
-45	-60	-59	-52	-57	-83	-85	3
-47	-54	-51	-47	-66	-88	-80	3
-49	-56	-45	-42	-66	-83	-80	3
-37	-54	-55	-38	-72	-76	-79	2
-50	-55	-54	-50	-69	-79	-82	3
-71	-62	-65	-68	-83	-85	-86	1
-63	-59	-45	-65	-47	-89	-92	4
-61	-56	-62	-67	-66	-81	-88	1
-60	-57	-55	-66	-69	-82	-89	1
-56	-58	-60	-59	-66	-80	-77	1
-52	-56	-52	-44	-63	-87	-84	3
-63	-59	-61	-61	-66	-79	-80	1
-43	-59	-54	-39	-63	-79	-87	2
-52	-48	-52	-54	-63	-78	-80	3
-66	-59	-64	-67	-77	-87	-85	1
-61	-57	-65	-59	-67	-86	-87	1
-59	-54	-49	-58	-52	-83	-93	4
-48	-63	-58	-44	-74	-79	-78	2
-38	-55	-56	-42	-66	-72	-75	2
-46	-58	-54	-49	-62	-81	-88	3
-43	-55	-53	-52	-60	-78	-86	3
-48	-58	-56	-38	-65	-67	-76	2
-63	-59	-54	-77	-42	-91	-92	4
-62	-53	-52	-59	-48	-87	-92	4
-18	-62	-59	-14	-73	-71	-78	2
-51	-54	-51	-53	-60	-86	-79	3
-61	-56	-66	-65	-71	-85	-88	1
-45	-52	-59	-43	-71	-74	-79	2
-51	-55	-52	-49	-64	-86	-83	3
-65	-60	-62	-68	-69	-84	-89	1
-64	-54	-56	-65	-74	-85	-87	1
-40	-55	-53	-36	-60	-77	-77	2
-61	-55	-59	-58	-66	-79	-78	1
-58	-51	-49	-61	-48	-88	-85	4
-39	-57	-55	-42	-61	-74	-75	2
-65	-59	-61	-67	-72	-86	-81	1
-60	-53	-52	-62	-50	-91	-88	4
-60	-53	-50	-66	-39	-86	-86	4
-46	-54	-53	-48	-64	-78	-79	3
-61	-58	-60	-64	-73	-81	-82	1
-46	-53	-53	-43	-59	-83	-78	3
-63	-56	-51	-57	-45	-88	-88	4
-65	-57	-45	-66	-47	-92	-92	4
-59	-51	-64	-57	-69	-80	-80	1
-62	-58	-52	-63	-50	-87	-88	4
-48	-56	-49	-52	-60	-82	-73	3
-56	-51	-62	-62	-71	-77	-82	1
-51	-52	-52	-56	-68	-79	-87	3
-55	-54	-46	-60	-50	-84	-86	4
-52	-56	-52	-50	-65	-86	-84	3
-45	-55	-54	-43	-71	-89	-77	2
-52	-48	-56	-53	-62	-78	-81	3
-49	-52	-53	-54	-65	-77	-88	3
-59	-54	-48	-62	-47	-85	-89	4
-59	-52	-55	-60	-55	-87	-88	4
-57	-61	-53	-59	-52	-87	-89	4
-65	-54	-56	-64	-66	-79	-81	1
-57	-58	-52	-66	-46	-86	-90	4
-35	-58	-54	-36	-69	-69	-73	2
-65	-62	-49	-67	-45	-88	-94	4
-37	-60	-53	-37	-64	-68	-67	2
-42	-61	-63	-44	-74	-76	-75	2
-37	-49	-57	-42	-62	-64	-71	2
-18	-63	-62	-38	-72	-71	-73	2
-58	-53	-61	-62	-64	-78	-81	1
-46	-48	-52	-52	-62	-77	-80	3
-53	-62	-52	-53	-65	-79	-91	3
-39	-54	-55	-37	-71	-64	-67	2
-38	-58	-59	-37	-66	-74	-67	2
-60	-54	-57	-66	-64	-81	-83	1
-68	-51	-59	-67	-65	-80	-87	1
-46	-53	-50	-53	-64	-81	-86	3
-60	-56	-57	-65	-49	-85	-89	4
-55	-54	-43	-60	-51	-84	-88	4
-43	-55	-50	-39	-61	-69	-73	2
-57	-53	-54	-61	-73	-86	-81	1
-50	-56	-55	-47	-63	-86	-77	2
-46	-48	-53	-49	-59	-80	-78	3
-59	-58	-48	-65	-53	-83	-90	4
-51	-53	-52	-55	-67	-78	-88	3
-17	-56	-57	-35	-71	-69	-74	2
-51	-53	-52	-55	-68	-78	-91	3
-64	-59	-51	-67	-43	-88	-92	4
-56	-54	-47	-59	-52	-84	-91	4
-37	-56	-58	-39	-66	-70	-72	2
-51	-58	-56	-48	-61	-79	-82	3
-53	-58	-50	-48	-64	-88	-80	3
-69	-61	-62	-62	-75	-85	-84	1
-64	-55	-55	-66	-49	-88	-88	4
-62	-56	-67	-63	-68	-82	-86	1
-59	-51	-55	-59	-54	-87	-88	4
-59	-49	-53	-59	-62	-81	-83	1
-64	-59	-52	-65	-50	-88	-85	4
-63	-54	-61	-66	-73	-84	-88	1
-64	-62	-57	-69	-67	-77	-81	1
-57	-56	-47	-58	-44	-88	-82	4
-52	-53	-56	-49	-62	-83	-80	3
-52	-57	-61	-59	-59	-85	-85	3
-47	-55	-55	-49	-67	-85	-80	3
-62	-53	-61	-59	-74	-84	-81	1
-58	-57	-48	-64	-52	-92	-87	4
-50	-55	-57	-48	-80	-81	-76	2
-14	-59	-64	-16	-79	-76	-72	2
-59	-52	-56	-59	-51	-89	-84	4
-55	-50	-46	-57	-48	-76	-87	4
-41	-57	-55	-43	-65	-71	-76	2
-48	-63	-55	-42	-71	-81	-79	2
-65	-52	-46	-65	-49	-88	-87	4
-45	-52	-52	-51	-64	-84	-84	3
-66	-58	-61	-63	-73	-81	-85	1
-40	-58	-60	-49	-72	-74	-80	2
-35	-54	-59	-46	-62	-66	-70	2
-41	-57	-63	-40	-73	-66	-65	2
-48	-58	-52	-53	-61	-88	-83	3
-48	-54	-52	-54	-58	-87	-89	3
-61	-56	-49	-60	-52	-91	-85	4
-66	-57	-62	-61	-74	-81	-89	1
-50	-51	-54	-43	-66	-78	-78	3
-45	-51	-59	-53	-62	-82	-85	3
-67	-61	-62	-67	-77	-83	-91	1
-56	-50	-51	-60	-58	-81	-84	4
-64	-55	-48	-61	-50	-83	-87	4
-61	-55	-45	-55	-56	-85	-85	4
-42	-57	-61	-43	-73	-67	-66	2
-55	-60	-50	-55	-63	-88	-87	3
-49	-56	-51	-54	-65	-79	-78	3
-63	-59	-53	-70	-46	-86	-88	4
-39	-55	-55	-47	-80	-66	-63	2
-38	-55	-51	-43	-64	-73	-73	2
-64	-52	-63	-62	-71	-84	-79	1
-59	-53	-56	-59	-51	-87	-89	4
-64	-54	-56	-66	-52	-88	-85	4
-40	-54	-52	-38	-60	-69	-75	2
-39	-56	-55	-41	-62	-69	-75	2
-52	-53	-57	-52	-57	-83	-83	3
-61	-50	-51	-59	-55	-87	-83	4
-66	-55	-63	-65	-68	-85	-90	1
-66	-57	-57	-64	-69	-84	-90	1
-58	-54	-52	-61	-74	-75	-82	1
-62	-57	-58	-63	-70	-85	-86	1
-60	-57	-58	-58	-50	-83	-88	4
-61	-54	-60	-62	-66	-79	-85	1
-58	-48	-59	-59	-64	-84	-77	1
-60	-51	-61	-63	-64	-86	-81	1
-59	-62	-54	-62	-46	-87	-91	4
-65	-58	-64	-69	-81	-88	-90	1
-62	-53	-57	-60	-69	-87	-86	1
-38	-56	-48	-39	-71	-72	-71	2
-51	-63	-55	-54	-69	-84	-79	3
-48	-54	-56	-49	-66	-81	-80	3
-45	-53	-51	-36	-78	-72	-76	2
-67	-57	-55	-65	-49	-88	-87	4
-49	-50	-51	-50	-62	-75	-75	3
-59	-53	-57	-60	-51	-89	-95	4
-40	-57	-58	-38	-64	-74	-79	2
-61	-59	-62	-65	-66	-81	-83	1
-50	-49	-54	-48	-62	-79	-75	3
-61	-61	-52	-68	-45	-88	-88	4
-56	-56	-40	-62	-50	-86	-86	4
-37	-55	-55	-40	-73	-72	-74	2
-66	-57	-55	-65	-48	-91	-87	4
-65	-60	-59	-63	-76	-86	-82	1
-49	-52	-54	-52	-60	-83	-79	3
-49	-62	-56	-50	-63	-83	-89	3
-65	-56	-63	-71	-77	-89	-85	1
-55	-50	-51	-61	-48	-82	-79	4
-69	-59	-70	-67	-75	-82	-82	1
-49	-59	-57	-49	-67	-85	-83	3
-63	-57	-67	-66	-79	-86	-89	1
-39	-54	-55	-37	-61	-77	-79	2
-49	-49	-47	-50	-59	-79	-88	3
-58	-57	-55	-66	-51	-88	-87	4
-60	-53	-60	-67	-64	-81	-79	1
-54	-55	-50	-48	-64	-80	-78	3
-62	-59	-63	-64	-70	-84	-84	1
-52	-52	-53	-53	-56	-78	-79	3
-36	-57	-56	-37	-69	-77	-72	2
-59	-50	-45	-60	-48	-83	-85	4
-62	-60	-55	-67	-43	-88	-92	4
-41	-59	-53	-40	-69	-80	-78	2
-52	-60	-65	-48	-64	-79	-75	2
-52	-53	-53	-56	-64	-78	-88	3
-63	-54	-55	-67	-71	-82	-87	1
-51	-55	-54	-49	-60	-79	-84	3
-63	-57	-55	-63	-49	-88	-81	4
-66	-53	-58	-63	-69	-81	-80	1
-68	-63	-65	-74	-81	-84	-89	1
-41	-60	-65	-51	-72	-74	-78	2
-13	-54	-57	-21	-77	-72	-72	2
-58	-51	-59	-65	-74	-86	-82	1
-47	-58	-49	-45	-66	-85	-79	3
-52	-60	-51	-46	-63	-84	-77	3
-71	-62	-63	-69	-75	-85	-87	1
-47	-58	-51	-43	-65	-80	-80	3
-62	-49	-59	-63	-62	-80	-79	1
-56	-54	-50	-58	-50	-83	-85	4
-67	-56	-65	-66	-75	-83	-81	1
-37	-56	-57	-39	-61	-72	-74	2
-49	-54	-50	-52	-60	-85	-88	3
-61	-58	-48	-57	-52	-91	-92	4
-50	-53	-52	-50	-61	-79	-83	3
-41	-56	-50	-43	-66	-77	-76	2
-51	-53	-56	-56	-64	-77	-88	3
-49	-64	-53	-52	-63	-73	-78	3
-35	-60	-54	-35	-61	-81	-80	2
-52	-56	-51	-46	-63	-86	-82	3
-40	-53	-51	-37	-78	-73	-77	2
-50	-54	-51	-46	-63	-79	-84	3
-59	-56	-50	-60	-52	-81	-85	4
-46	-58	-53	-48	-60	-79	-79	3
-64	-59	-51	-62	-51	-88	-91	4
-59	-49	-45	-57	-52	-80	-82	4
-45	-58	-59	-42	-66	-81	-75	2
-50	-57	-58	-44	-82	-75	-78	2
-41	-56	-56	-38	-72	-67	-70	2
-58	-54	-44	-59	-47	-83	-86	4
